11
7
5
6 2
0 3 8
4 9 5 1
8 4 0 4 2
1 0 5 7 4 0
9 4 2 5 0 3 7
8
 3
 5 -2
-3  4  8
 7  2 -1  5
 2  9 14 -2 17 
10 -3  8  6  2 -2
 8 -2  5  7 13 -9 -5
-5  0  3  6 -2  5  9 13
14
 13
 -4  14
  9   8   3
 16 -13  18  -1 
  3   0   4 -19  17
 -7  21   0   5  -8  11
 41  15  32  -3  16   7   5 
-12   0   3   5  -7   9   1  -4
  0   8   5  37   2  -1   8  -9  14
  9  17 -21  -1   5  16   3  19   5  15
 25   4  -1   5  12  -6   6   7   9   3   1
  0   5   9 -11   4   2  10  -3   2   0  15   0
  2  -1   8   4  23   3  -1   4  -5  12  -8  13  53
  5   7  -6  20   0  15   2  16 -10   2  29   2  -3   7
7
-11
12 9
43 12 0
1 1 1 1
23 42 11 -3 37
73 72 71 2 145 9
8 24 16 7 4 -1 -19
1
-42
3
0
1 0
0 1 0
10
-1
-1 0
-1 0 1
-1 0 1 0
-1 0 1 0 -1
-1 0 1 0 -1 0
-1 0 1 0 -1 0 1
-1 0 1 0 -1 0 1 0
-1 0 1 0 -1 0 1 0 -1
-1 10 1 0 -1 0 1 0 -1 0
3
-1
-2 -1
-3 -2 -1
5
0
0 0
0 0 0
0 0 0 0
0 0 1 0 0
20
0
-90 1
-90 1 1
-90 1 1 1
-90 1 1 1 1
-90 1 1 1 1 1
-90 1 1 1 1 1 1
-90 1 1 1 1 1 1 1
-90 1 1 1 1 1 1 1 1
-90 1 1 1 1 1 1 1 1 1
-90 1 1 1 1 1 1 1 1 1 1
-90 1 1 1 1 1 1 1 1 1 1 1
-90 1 1 1 1 1 1 1 1 1 1 1 1
-90 1 1 1 1 1 1 1 1 1 1 1 1 1
-90 1 1 1 1 1 1 1 1 1 1 1 1 1 1 
-90 1 1 1 1 1 1 1 1 1 1 1 1 1 1 1 
-90 1 1 1 1 1 1 1 1 1 1 1 1 1 1 1 1
-90 1 1 1 1 1 1 1 1 1 1 1 1 1 1 1 1 1 
-90 1 1 1 1 1 1 1 1 1 1 1 1 1 1 1 1 1 1
9999 1 1 1 1 1 1 1 1 1 1 1 1 1 1 1 1 1 1 1
40
19 
15  5 
-5 18 -5 
-8 15  2 20 
 2  3  4 -5 20 
14  9  1  6 -6  8 
 4  1 -9 20 18 11 10 
-2  9  3  2 13 -5 -9 20 
-3 -6 11  8 -8 18  3  9 -5 
-8 20 -7 10 15  0 18 -2 12  3 
-4 18 10 -6 14 -2 -5 14 18 19 18 
 0 -3 -8  8 -2 12  3 -2  7  3 11 15 
 2  3  3 -3 -4  2  8  3 -8  2 14 14 -8 
 9  7 11 14 12 20 -3 13 19 18 -3 18  3 11 
 7  9 11 -9  0  0  7 12 -4  8 13 -4 -7 14 18 
16 -4 -8  4 12  6  0 -4  5  0 -4 -4  4 -9  1 -4 
 2 -4  7 10  2 -9 18  1  2 -1  9 10 19 19  9 16 20 
15  1 -9 16  2  8 -1  6 20 19 -9 15  5  1 12  8  6  3 
-1  7  5 15 -7 10 -5  0 -2 -1 19  4 -6 -8 15 17  3 10 10 
14  3 -4 -4 -8 15 -1  1 19 -8 20  5 16 -8  7 14 12 13 20 -5 
 5  1 -8 14 19 13 11 15 -4 -7  4 16 20  0 14 17  4  5  8  4 20 
12  7 -6  9  6 -2  0  3 10 15 -7  8  0  5 11 14 17  9  8  7  7 16 
18 11  9 -6 -8 -4 20 -9 -1 16 16 15 19 13  8  9 -3 16  2  1 20  2 12 
-8 10 -4 -4  5 20 -7 10 -9 14  6 -8 -7 -5 13 -6 12 14 19  4  7 10 20  1 
 2  3  8 15  2 -7 -6 15 -7 -7  0 17 17 -6  8  7 10  7  3  8  1 15 -7 -3  4 
 1 -6  3  8 -1 10 -3 -6 19 -9 12  5 13 -5 12 -9 -1 -8  2 -7 -1  5  0 14 -5 20 
 9  0  8  0 12 11 -9 -3 -4  4 -6  6  2 19  5 19 -1 -8 17 -3 12 -7 -5  8 -3  8 16 
16 18 -6  1 18  9  4 -6 -4  4  4  8 14 18 14  8 19 18 18 11  7  0 10 17 -4 13 15  5 
11 19 -4 14 -2 -8 15 -8 -5 -9 11 -7  9 10 13  8  5 -9  6 -3 17 -1  7  5 20 15 19 16 -7 
 4  8  8 -2  4 12 20 -8 -5  0 -1  9 13  9  1 19 -9 -7 17 -8  5  0  2  1 14  2 15 20 -7  5 
17  7 14 20 20  3 10 17 -4 10 -1  9 17 -6  7 14  7  5 -1  7 17  1 -8 -2  2 13  6  6  3 11 -7 
20 -5  4 15 -2 20 -4  3 15 19  8  3 14 -6  4 19 -4 -3  5 -7 -8  2 16 13  8 13 11 -9 -5  2 -8 -8 
-4 -5 12 -4 -1  6 -4 10 -2  8 -9  4 20  5 19 -3 -3  0 -6 -8 -9 14 15  0  8 18  7 -4 19 -4  5 12  7 
-9 -5  2 -8 19  9 -4 -4 20  4 18 19 20 15  4 -7 19 -9  2  9 12  8  1 16 11 13 -3 -3  9 15 16  4  8 -9 
 0  5 20 19 16  7 -4 -9 -2 -6  3 -2  7  4  0 20 -1 -7 10 -9  9 14  4  1 11 12 -1 20 17  5  7 18 -3  1 19 
15 10  7 14 -5 -3 -5  5 10 19  4 16  4  2 -2  8 -8 -4 20 -2 18 17 -8 -6 -6 11  5 -3  7 15 19  8 10  4  0 13 
-4 -1 17 12 -1 -5 15  3  3 -1 19  1 14 10 -2 16  7  2  5 -5 12  2 -4 -3 17 -6 -2 20  6 -8 -2 -8  7 15 -6  7 -1 
20 20 -1 10 20  1 15  7 -1  4 20  3 15 -8 20  7  3 -8 15 -8 -9 10 19 -3  3  1 14 -5 18 -3  3 11  7  9 -2  2 11 -7 
 9 -7 20 20  2  0 20 11  5  9 -2 18 -8  4 13 -8 11 17  0  8 14 10 18 -3 -4  7 11  9 12  0 -4  1 -5  3 14 -6 -6 16 -7 
12 20 16 19 18 13 -7 -1 12 16 19 -8 -8 13 -4 18 15  6 11  6 -8 16  1  9 -6  1  2 18 12 20 -4 -3 20  5  3 18 17 -9 19 -3 
