0 0 1 0 0 1 1
0 2 0 1 0 2 0 1 1

23 23 23 23 23 23 0 0 0 5 5 4 4 4 0 7
0 6 23 0 3 0 5 5 4 4 4 0 0 7

1
1

0
0 0

5 0 0 0 0 0 0 0 0 0 0 0 0 0 0 0 0 11 11 11 11 11 23 23 23 23 23 4 4 4 4 4 4 4 4 4 4 4 4 4 4 4 4 4 4 4 4 4 5 0 0 0 0 0 0 0 0 0 0 0 0 0 0 0 0 11 11 11 11 11 23 23 23 23 23 4 4 4 4 4 4 4 4 4 4 4 4 4 4 4 4 4 4 4 4 4 0 0 0
5 0 16 0 0 5 11 0 5 23 0 21 4 5 0 16 0 0 5 11 0 5 23 0 21 4 0 3 0

4 4 4 4 4
0 5 4

1 7 7 7 1 1 1 7 7 7 1
1 7 7 7 1 1 1 7 7 7 1

4 4 4 4 4 23 23 23 23 23 23 9 9 9 9 0 0 0 0 0 0
0 5 4 0 6 23 0 4 9 0 6 0

17 17 17 17 17 17 17 17 17 17 17 17 17 17 17 17 17
0 17 17

0 0 0
0 3 0

1 1 1 1 1 0 0 0
0 5 1 0 3 0

9 8 7 6 5 4 3 2 1
9 8 7 6 5 4 3 2 1